-2026969300 34
498531760 111
-2117221942 96
468524005 22
-1163806040 87
-386201358 19
635667951 106
-2048539158 69
-249065167 143
-1043545643 32
-158812525 130
1383264878 187
1293012236 99
-1889112255 75
-1026669849 27
1521121923 120
1520401069 30
-279072922 112
-1911402967 210
1498831211 35
1525815987 70
1405555590 26
-1164526894 28
-391616276 29
-363910646 241
611075114 24
-301363634 21
1360974166 27
2125446887 20
1377849960 123
-1905988049 72
-243650249 34
-1227073906 215
613377239 30
-1158391122 18
-884118740 124
1641382320 21
841486926 31
1493416293 128
1246128687 18
-998964219 108
1526536841 133
1298427154 202
-136521813 28
1474238374 22
1589083853 20
440818375 22
-221359537 143
-1900573131 92
470826130 18
-2020833528 18
1265306606 18
663373581 77
-1969255915 96
-2144927572 102
732056365 22
-1071251273 20
1320717866 141
2103156175 27
-1307078003 60
1273834317 63
-2136399861 21
1583668935 31
676645105 17
-1826565243 132
1446532744 128
1388679796 136
-358495728 120
-2021554382 19
1440978263 79
-1048960561 73
561799626 33
-164227443 140
1613676690 84
-856413110 149
1561378223 25
2097741257 22
-993549301 68
493116842 98
668788499 93
-419321906 37
-2015418610 22
1698514414 24
-273658004 20
-1186096752 24
-336205016 29
1498110357 34
-1961399309 119
671230187 124
607962321 197
-1054375479 21
-1106673946 19
555663854 26
-2076244788 21
-1821150325 19
476241048 18
361395569 22
-43246192 27
-1883697337 24
-1935995804 22
-1768851858 38
1693099496 18
808366378 164
-988134383 112
-1108394780 89
669509353 29
-1993127898 23
-1078387025 24
1555963305 101
-103401265 103
1674502868 31
691079211 137
443120500 160
-2061810682 122
-1944523515 73
-1945244369 164
550248936 38
580256691 74
-2084101394 253
-1966814227 140
1350144330 35
2073729711 43
413112745 19
-2103950418 100
-451771349 89
-334484182 32
-1855991707 41
1326132784 267
-108816183 116
585671609 84
-329069264 123
-1241508012 125
-197347991 30
-1939108597 127
-2056395764 118
1344729412 114
531652308 132
469105296 64
-1876561585 24
1438676138 118
1331547702 174
-1191511670 212
-1713440598 220
-215944619 151
-1308798837 100
1492695439 234
-1993848752 62
437705582 46
-1015840013 84
-251367292 86
-898552846 20
-1084522797 159
-1260194454 104
-967235630 117
1218423057 125
526237390 22
-186518155 21
-1972229145 149
643524557 31
-1080689150 19
1355559248 21
-2089516312 39
-964122837 22
-303084468 18
-185797301 22
1474098811 61
-1987712980 24
-1134379576 22
-1933693679 46
813781296 66
-1963701434 143
696494129 291
1669087950 149
-1793444695 20
-1796557488 96
-1913844655 125
1412691342 18
389101199 26
-1104371821 131
1531951759 30
1613095399 25
520822472 37
1550548387 27
583369484 19
589505256 32
-1021254931 195
-908130286 158
638109639 179
-2050980846 74
-1850576789 38
-308499386 140
-245952374 140
603939362 61
-1913123801 47
-1075274232 24
-191933073 83
-1969116352 20
-309220240 201
-1098956903 25
1726220044 35
1608932877 28
-2046818324 18
2130861805 17
1301539947 23
1418827114 23
1468683893 130
-1999934775 115
2129140971 23
1410299403 159
-994941260 141
-2045565928 17
637388785 29
1729914128 176
-1281093207 50
752955118 23
-297669550 19
-41525358 27
-1160832810 21
615818927 59
1500552045 17
-276099692 20
409999952 74
1294733070 101
-1817456241 22
-2115501108 160
-280793756 35
1403834756 201
-389895442 101
1637688236 19
1381544044 27
-1274628560 20
1592777937 41
-2028690134 31
357701485 37
631973867 72
-418650801 22
-1047239727 17
-246623479 27
1478261333 19
-184076467 16
-2052233242 22
1249822771 19
-1109786739 28
-155118441 22
1587363019 199
-2023275216 111
-1275678289 23
-481197813 233
-1137492369 80
1643103154 31
-1041103955 29
1376129126 118
500252594 18
724199759 174
1524816007 119
-1960007350 23
1524095153 42
-1907708883 141
1363415854 20
-138242647 20
-247344333 247
-1845161871 21
1409249674 29
-1160111956 52
1471796686 19
1495137127 178
552551061 33
-338646704 20
558105542 43
1494416273 93
609683155 31
1392373880 156
-104072370 26
-1851968748 103
-1052654645 186
489422758 141
-2017860298 17
-165948277 21
-75695635 85
-2074523954 22
-269963920 22
-395310360 274
-1189790836 24
1438005033 109
1444091056 33
-1102979862 18
-1166247728 85
-241929415 16
1466381768 35
1505966963 29
1329245577 22
444512459 21
-880424656 36
-931673394 168
-1880003253 140
-1765157774 46
472546964 19
-46940276 32
604268237 95
610404009 208
-2079938872 18
-1965561831 99
-1822871159 138
1581227247 24
494837676 18
667067665 39
-1996821982 20
1386958962 129
-1885418171 74
1615397524 116
-1303383919 24
1324411950 21
-1246922930 18
-1171662646 144
-991828467 105
1694820330 34
-1132077451 97
672951021 23
1437284179 85
1450226828 21
-275378838 184
-1886139025 125
-160533359 49
-332763348 19
1527207946 23
-2080407310 72
-1854270873 60
1552269221 37
-312193470 231
-304476427 120
-1942802681 34
-971258589 108
1415133030 19
-2085822228 51
-1968535061 39
-1195205754 22
529931474 25
-1080828713 139
-965843671 77
-963541546 168
-218246744 18
527629349 19
576233732 25
810087212 29
-169642361 111
-1991407064 21
-2108694231 21
692800045 29
1214728973 25
1557684139 22
-1106092655 75
-2054674930 47
-1223379822 151
-1937387763 91
524516556 139
670180458 22
-2082709435 153
-1916817885 124
1529510071 91
-1965422268 18
718784841 33
-1966143122 106
-1848855955 18
581648650 67
698935817 65
464361483 27
-1029111537 140
-1017560847 52
-911824370 134
1489722209 120
1357280082 17
503946678 21
-252759251 40
641082869 92
758370036 132
1607212043 27
-2043124240 21
-1076995066 115
2134555889 25
-1931972845 18
-2049260012 18
-1994519857 22
1289318152 114
-190212239 25
1351865164 138
-384480524 111
-2034105052 115
-447027536 122
587063568 26
-1022975765 36
-960428753 19
-2111807024 139
-828707480 188
-1077715920 22
-189491385 141
704350735 18
664765540 79
-306778552 103
-1800251572 154
-49710839 175
-877654093 217
-130057166 175
-1044798039 16
469776401 18
-250317563 28
607633446 88
-277099672 61
-186847030 19
-414956717 53
1639409070 189
1475490770 25
1359721770 20
-251038417 166
548856977 85
-335876141 30
-388174608 24
-1998213941 267
-2135350132 21
1526865716 268
-365883896 59
-1934743408 17
-929952560 19
-192261948 182
1496857961 122
-44295921 20
1470075852 166
-2003628859 169
-134548563 39
1524563591 90
-272405608 20
-1020205202 149
-393589526 19
-2024996050 32
-2077294517 166
-245623499 16
-244902645 23
1384314607 20
-1910150571 151
-1855662832 31
406305868 30
606912592 188
1611703440 26
1584921331 116
726970322 363
497482031 22
1464660934 83
-360468978 18
-283235444 35
-1099285778 24
-222611933 112
-1072503669 19
635339076 25
-1957236787 20
-271684754 19
-1112557302 21
613048364 243
-239487727 19
2105129425 20
-2019581132 101
-1220267029 24
434011498 113
-102351536 31
-2083051665 117
-997711823 46
589834131 23
-2049588887 83
-1882444941 91
-1962651705 41
382636552 58
1579506413 246
554411458 29
1633994152 89
721555404 67
-1104700696 73
-1940158326 69
-1192903629 29
-107766454 28
1378899689 132
-162254193 200
750184555 157
-2055003805 18
-1948217599 64
-277820526 103
1502272879 22
-991576051 34
618463282 110
-935367478 88
-478427250 39
1387427400 21
-223332787 29
1332939661 88
1447785140 169
525187661 19
-332510932 118
-1126991408 21
-1244278575 18
1557215701 287
579004295 134
642474828 18
-1963372559 24
461717128 26
1356608977 169
-1105421550 47
-1168892083 159
-1050352520 151
-449798099 114
697543858 33
-217197015 27
-1710670035 80
-1827957202 29
-1306028274 54
1435234470 124
-16590291 19
1420079510 25
-849024942 178
-1879332148 69
1459246016 125
-1786056527 76
-1026340974 178
1351194059 111
-1249693493 145
-1937856201 26
-1132406326 18
-1968787477 77
-211782097 17
1434513616 172
-217917869 27
-100630702 20
-80060824 116
584419213 63
467132046 23
-1987384105 92
-1928607636 20
-1300613356 19
-1333733904 19
1440649388 31
-967564505 157
1277528401 19
695241733 112
755599473 38
554992749 31
-1084851672 198
-1133127180 21
-2111338586 18
531323433 24
-2054422514 122
1491443043 34
-1079436754 84
1291962507 165
-962149587 106
671559062 28
1667114700 38
-2129935214 18
-1158062247 20
837792842 164
-69230988 18
-444383181 22
1551800783 107
-942300563 184
1529978509 17
-420371635 45
668459624 102
-825013396 88
1414664592 31
578283441 27
700656651 22
-956734669 24
472218089 31
354930922 36
-1138542098 82
-1074021836 22
2132835055 71
-2030410968 83
2147269161 138
-2105923668 20
-425786553 37
-189959823 125
-307246990 122
-74645906 93
329995855 18
-1875511856 33
447283022 173
663044706 62
639362035 19
-1992799023 106
-905941014 108
-1163477165 73
-2021883257 17
779611019 106
-1024949015 18
1473769936 102
-2139044216 179
1443762181 24
1517427839 187
585811172 40
-367604730 67
-1162085206 20
746490471 104
-111460538 107
-2026716884 115
1477008937 19
-1859356916 129
-1048492123 21
1242434603 87
-47990005 61
-248596729 43
-133751250 174
-411262633 132
1723449481 23
-1996493107 18
496810926 146
1498578795 22
-274126442 90
2106850259 21
728362281 22
1522842757 141
1588615415 41
-161583088 63
1468355018 104
-2133629298 99
-190541114 22
-182824071 19
-362189812 140
-268711524 41
-2001908025 123
-128336332 21
-1738375665 228
-1972949999 135
609354280 170
-301832072 94
-416677551 23
-821319312 190
1580898372 23
-1196597713 24
1446064306 32
1702208498 103
614769198 21
-243181811 18
2101435341 79
1467634164 105
1363744729 18
-1216572945 83
435732332 18
-933646644 19
1471467811 20
-339899100 191
-1022646890 130
611656405 121
-995270135 126
518051909 108
1391121484 21
1583200497 24
-356774894 21
551298665 106
-219638703 39
-1932301720 25
751905389 208
637059910 32
-1221987863 203
-939061562 31
-1959678475 20
-1110836468 113
1496186856 94
-279541360 178
1586313290 20
1462219246 144
-1191182795 43
499923719 69
-1167500124 141
1696793580 23
-453492183 29
-218917849 33
1261612522 92
-225053621 188
-106045620 23
1619560046 33
725249488 145
-2078686476 138
1462940100 157
1270140233 23
1384985712 19
1319668137 166
-2102229584 19
1554242471 23
581977525 32
386330636 20
-12896207 20
1436955304 147
503617803 17
-989855217 178
-2082380560 85
-1107142384 98
-193653907 121
699264692 240
-310941074 29
-76366740 205
666017936 26
1358329811 76
-1881052982 66
-1965093393 23
582698379 75
465411212 130
419577392 48
-1847806226 126
-2018189173 59
783305103 123
439426416 41
556713583 104
-1101727466 23
1670808784 98
-984440299 20
1553521617 143
-1886467900 25
-1302334190 22
1499160086 43
-1247972659 131
1325083055 69
1442370222 108
-1130685492 23
-1054046604 113
-1940829431 19
-936759437 182
-2058116598 165
1559657389 146
1221193620 19
-970006193 35
-1853221144 206
-852719026 184
-2087795478 144
-448077265 33
-1970508311 87
-330790098 96
-159141400 24
-214223785 17
-96936618 17
1352914893 31
-276428567 23
-1824263118 117
-1941550285 21
523466827 42
640753994 27
-2142157009 76
-1991078189 216
-1873791022 37
-1159783081 59
1665393866 35
696962567 20
-1253387577 18
1548106699 165
-1136100410 102
1410970508 92
1347499975 193
1528257675 79
-422092469 33
-304805302 28
-1081157588 145
1305234031 23
-1337427988 19
-963870421 115
-1912452696 31
-325375180 28
333689939 19
-188238989 210
-2052701680 93
-305526156 32
2070035627 116
646168912 22
-1075742670 152
-1019534097 25
777890185 135
-902246930 39
528881745 22
-1975923229 31
666738790 240
-254011647 161
-1165197999 25
-2023604091 43
660603018 19
-2047286762 136
1431540386 31
576562607 19
562128501 24
-1990357335 114
1356027686 22
-2107644502 66
693849774 33
811136941 106
1533672593 19
-1907037778 20
1416385426 21
-1789750611 24
1410046987 50
-2090439833 129
-1190588149 19
1440054742 117
-305855031 101
-1916615218 192
471749651 18
-222283058 89
-2137323382 26
1493618960 172
1266230127 164
-1016763534 124
-275847276 31
441741896 25
1668164429 207
-1794368216 17
388177678 21
1562301744 106
1645873717 30
-994472822 78
-153600274 19
2104079696 20
1615865962 71
1584592456 42
-1078044795 76
-910900849 34
699859338 130
1219346578 21
-246875895 26
1387756275 19
-2044047761 20
-1185173231 23
1415461905 21
1499033878 152
494040363 94
-2016342131 24
640159348 173
667864978 146
2098664778 181
-2112730545 83
-1932770158 60
-1915894364 65
-75443219 35
-1968192831 23
-1769775379 93
-1105750425 28
588581735 87
640880202 205
672153708 122
-1022178452 32
-938606479 106
1328777139 32
1298769384 22
444044021 116
1521324590 103
-1057740688 35
-1162882519 105
1382341357 20
1590007374 17
360472048 20
1673579347 197
1437752617 69
469447526 25
553019499 27
-1943599994 117
-249988688 119
-1995898461 25
-1944320848 136
-311269949 203
668585832 251
-333560661 20
1522045444 173
-328145743 20
-2022477903 19
1360050645 99
547604581 122
-219170265 20
438629103 38
840563405 30
-2085024915 136
2126370408 20
-964465067 122
-244573770 163
-390692755 30
-999887740 159
-1309722358 69
662450060 45
-1990483543 29
499455281 144
1376926439 116
-1938185076 141
583027254 131
-1163603373 22
693723566 33
-2021757049 18
1527460362 124
-1743916791 78
-1846085392 25
-1882773816 35
1375205605 144
-1797481009 153
-186720822 23
1701284977 29
781584269 147
-1051604916 31
732979886 65
-1072174794 20
-2051904367 91
527160911 24
497153156 25
-187441676 18
1317947303 110
-133877458 124
-165150964 146
1445609223 29
-1157467601 21
-1103448300 151
1612753169 68
-2145851093 152
1473175290 205
1526739508 164
1274757838 19
558434417 26
-1133456055 18
582445963 24
-1083599276 139
-1261117975 143
-1903343694 24
-1823794680 90
1323362221 52
-1851500310 35
521745993 175
-272734483 22
-355851373 17
-1138870973 219
1551471908 27
1725296523 40
-1131153930 75
-159736046 20
1417903593 28
-341417267 171
-192856594 144
1354635727 118
-2077168309 20
786999187 201
2131785326 20
607038800 124
1695870059 153
-1196723921 63
414036266 28
1499754732 48
1467760372 175
-2062734203 153
807442857 26
-278149401 99
-1216446737 21
1576735850 188
1293935757 85
-1818379762 25
-1908758612 130
2074653232 49
-1107471259 66
-989057904 22
-139166168 190
1402911235 39
1349220809 38
-366681209 34
-1027593370 162
410923473 63
1243358124 23
-1136568848 188
-102477744 75
-1856915228 28
-2114451379 154
-1888188734 56
-1965890706 211
-1282016728 24
-211453222 16
-1227997427 156
-1962777913 19
-1276601810 20
-216868140 23
-198271512 36
-1712517077 109
721429196 33
-2071753391 24
-2057319285 80
612453718 39
-1877485106 29
-107892662 197
812857775 227
1299350675 74
1470873165 21
1556886826 127
-1972026478 144
-1971305624 137
532575829 20
-992170697 179
-1046189998 104
-883195219 98
-1077463504 23
1494339814 216
-283564319 24
1408326153 29
-361266291 172
1437081512 163
-304134197 157
-394386839 95
-1224303343 32
1391450359 49
643853432 205
-2109036461 132
-1852892269 109
-1936464242 31
490346279 27
-2018783819 20
-1242431533 18
-1102056341 18
666144144 160
-1079765629 20
-218588974 38
473470485 18
-1964498747 20
-1188867315 21
719708362 36
-1965219601 110
1495339794 152
-1919588448 85
-1018484368 47
1490645730 98
-2018062965 21
1582150768 37
-242852936 16
-827783959 163
1330169098 29
673874542 19
-280591089 135
-1766081295 177
-46016755 42
-1914173530 156
1436360658 147
-80187032 36
-1247846451 23
1442496430 34
701580172 190
-992751988 73
-447951057 139
1386035441 103
1290241673 149
-1931049324 23
1609856398 159
-1170739125 252
2100385612 22
-1074350711 19
638438514 21
-2081330831 178
753878639 30
-248267854 117
1728990607 36
844257489 37
-1994177627 21
-40601837 25
-1159909289 18
1409375882 95
-275176171 18
-2046489449 20
-1999011254 213
-331839827 22
1362492333 20
2130064492 112
-226306017 47
495761197 168
1380620523 28
1327056305 144
356777964 19
-2029613655 29
-247547000 32
-1143033495 35
1692175975 25
-388971921 111
445435980 107
-1159188435 174
-482121334 321
-1941879160 30
-930749873 185
1525018674 32
-1165324207 119
-74772114 188
-1108863218 42
1588286540 58
-1013069450 17
501176115 23
-220891099 84
-2086745749 168
-2024198737 111
-914594933 23
696165254 141
1215652494 116
-1270137163 110
1530433592 195
-215476181 19
-2075447475 27
-269040399 22
-166871798 18
1356356561 26
-2083632956 40
669256937 23
-337723183 38
580725129 66
608759634 28
-961352274 19
525440077 117
504870199 21
-1049884082 89
-879501135 124
1506890484 21
560876105 27
1614474003 205
1443167535 29
-1069733106 19
-419574322 29
-1879079732 114
-184999988 19
326301771 20
2135479410 15
-1968332394 75
-357572207 18
1697590893 25
-1191980108 28
-253682772 29
-274455317 24
-1304307440 66
-1055299000 22
-1885215504 169
-1849779476 20
-383557003 18
-1129433096 17
-1221190550 25
-334952620 51
-2050183533 19
586140047 21
-190414906 86
1555494867 56
1449303307 24
-1884494650 53
-191135760 20
1321641387 151
-1801175093 26
-161456880 25
609480488 193
1463737413 112
-1993596336 40
554740333 218
614895406 56
407229389 32
-1910479446 122
-1855194394 38
-1820100596 74
1501475566 80
809163691 37
-1023899286 29
-1716211161 174
-995864781 27
705274256 23
-156041962 20
-1134848014 128
1414209509 21
475912173 72
-279870235 42
1474567249 20
1553192742 27
1295656591 30
634744430 79
-2049462679 188
-135472084 37
-1905064528 83
-1814685678 18
1496060648 129
-966767192 183
575310211 177
1558607660 20
1406605319 121
-362987125 116
-1194282233 47
-300440113 18
1469152331 151
-1278322644 18
1247052208 98
-1140262932 156
725123280 175
1640458799 128
-1044469164 18
-2132579569 22
-1959083829 21
551627540 175
-2118145463 225
-2055598451 38
-1079905192 123
-129133645 192
-934443957 224
-824089875 23
-223535454 121
697886088 21
-1272907726 25
-160064921 111
-1944649723 32
634415555 29
1555837097 242
1492366564 22
1666191179 44
-398080923 150
-282311923 151
-2020504653 195
1412020237 154
-218841390 20
528552870 20
-2083975186 160
-303881781 43
1306157552 24
-1220609259 70
-304602635 239
-2050512408 67
727893843 32
-1936932680 133
-240411248 20
1433590095 111
-1250617014 24
-72001551 30
-1786980048 20
-1828880723 136
1608135564 31
-218120536 29
1434310949 155
-1961728184 192
-1076071545 106
-992499572 61
-1103777175 22
-2015089735 105
722478925 139
1580429934 102
-1076792399 20
-1162553644 66
575639086 23
-1939234805 133
1386503879 20
-2022806778 20
-310017553 94
-276897005 34
1417435155 90
1258841959 119
354007401 19
-1962449038 24
-268116878 19
448206543 22
-2108568023 55
617539761 17
-251241084 44
-77416469 99
-2103153105 62
606709925 42
1333863182 21
-2025919571 32
581054004 35
-1245202096 23
1520072194 37
-387251087 55
581774858 181
-1167968562 195
-1933819887 19
-1190259274 29
-1104498029 25
-1709746514 204
603344716 211
1287471110 96
-2080862393 41
-1997290420 93
-271482087 21
-998635344 67
-1021128723 29
-245826166 19
-1082207317 33
612124843 155
-1330963341 65
-1856586353 86
-99707181 21
-1850450581 67
1278451922 22
-415880238 22
1525487112 74
-1098362257 16
-2002705338 199
-1023570411 94
-2078218038 60
436655853 20
587189776 151
-929029039 39
1585844852 189
-2111680816 70
-392666005 23
-82831387 25
-851795505 169
-246547020 27
1439725867 33
-1217496466 23
672482583 36
1292886028 200
-1973278874 27
498405552 20
434935019 215
-1931378199 24
-1195674192 36
1610779919 18
-1073427190 18
1446861619 20
-1991875502 60
1383391086 26
1466710643 117
-101428015 22
836869321 154
-943224084 142
667536103 82
-1881521420 92
-421295156 53
1530902030 18
752828910 32
-2075915913 24
-963073108 108
775119622 140
-1111633781 23
1467431497 214
-193185469 18
-337254745 17
-163177714 166
1377976168 91
-2031334489 99
-1843314829 20
329072334 19
1358798249 20
-251961938 58
-426710074 238
-1275552081 18
473141610 17
-957658190 25
2133758576 141
-1137618577 88
-276176151 98
747413992 33
-905017493 87
1462016579 105
1503196400 67
-106842933 31
-1947294078 67
-190883344 200
557182021 25
-19360854 61
-1222911384 20
-1053578166 211
1442838660 24
-296746029 18
1472846415 121
-187770551 60
1558139222 112
780534540 25
-157762796 23
-450721620 124
-2116424629 129
-1306951795 54
662121185 26
725591718 23
462640649 34
-48787318 35
-2136273653 107
-1051276041 29
1636764715 27
1527789237 183
1497781482 92
-1912200280 76
1388806004 69
-475656687 30
547933456 27
-132827729 107
1477932458 21
-1986460584 18
403535305 23
-1131482805 22
-445306702 21
492990634 19
-1042027476 18
1642179633 38
-127412811 22
-1048163248 25
-1967863956 145
1552724304 71
-1157138726 19
-968488026 77
-1737452144 122
-1192561399 18
468055567 78
554069228 46
-2130858735 17
-1883823545 93
-2055346035 203
641551307 18
-1132203659 20
-43372400 18
-212705618 22
-1301536877 17
2102358862 37
1470544290 15
-220562224 29
532246954 23
1390197963 25
-996193656 197
-68307467 22
-1078513233 71
726173009 176
1584124018 37
1501804441 23
-1854144665 63
-1334657425 19
550375144 162
-1912921134 37
-932723123 21
1560580910 102
1262536043 123
636136389 35
-302160947 100
1350270538 149
-1772545942 145
1326006576 115
613845677 25
-454415704 29
-1020457618 109
-219841370 124
-1164274478 35
-1958754954 19
1413741071 126
-225977142 167
1302463468 23
-2024527612 95
-1166576603 140
-938138041 196
1430616865 82
-1790674132 66
-1876435377 33
-307575865 170
-308296719 21
385407115 27
-73722385 91
-278617839 180
-1744840312 81
1664470345 29
-990778738 152
1518351360 195
-1106218863 78
1419155989 17
497734447 89
-1937513971 18
-2027640405 158
1384062191 18
526111182 18
1618636525 159
504541324 106
1355685456 108
-273202921 63
-79137303 140
1496389523 197
-1848729747 95
-249520250 173
-2104873939 87
665094415 32
-2019112694 20
-335281495 26
579333170 35
-412186154 28
-2083304081 75
-1187817586 126
-15666770 18
1436031783 178
-1248896180 225
-156370837 23
-2022225487 111
1441446701 52
1669885263 186
-1793786925 92
-855489589 135
-417601072 96
-935835916 122
-1083928151 152
440349937 85
1523766278 32
-1939905910 89
-390945171 19
-162506609 79
-1940626764 84
-1257423891 105
-1161161685 22
584748088 165
608430759 21
-2000984504 213
-1100803945 31
-183747592 17
2107773780 24
1523045424 26
-329866577 64
-244105332 162
-423015990 28
332766418 23
1271063754 19
-939530000 108
-1135176889 19
1445140785 32
-2053625201 96
1549030220 123
1465710663 380
-359545457 19
1464989809 25
1699564143 121
-1974999708 71
-901323409 22
1529181196 177
-1199368276 49
610732884 171
-1990154668 19
1381670252 212
-1219217300 80
-1911529175 47
-1135897743 19
-1995569586 93
-1989433814 20
694773295 118
665815269 188
-189162510 68
-1935072283 32
-1906114257 29
-254935168 117
500847240 20
-1109912947 79
1421597677 24
2070959148 252
-959379024 37
778813706 158
-1193953358 103
1534596114 21
-338975579 96
-1822073846 19
-2139967737 50
-1890959297 58
-105122099 88
-2079609997 109
416806829 32
-2048210283 123
-1045721560 19
1638485549 146
-1825186639 158
561204980 26
700188213 45
-194577428 186
1499502316 23
-449000786 18
-214426452 20
1555165992 179
1320591658 116
-1964169872 22
-131106895 20
-1880129461 32
784228624 64
-110537017 167
-1048834353 82
-1741146228 133
-364960375 44
645245391 19
-47066484 101
584887651 98
-1303257711 22
466334733 55
-2134552819 17
-2059040119 187
555790062 131
-985363820 30
729285802 23
1470404727 116
-1213802382 19
-964793942 169
-1885544379 24
1471125581 31
-1129761971 23
-1909227050 218
-820395791 118
639830473 31
-1054970125 125
-2143080530 140
-970929714 103
-1969584790 201
1554445138 126
-215147306 25
-275505046 24
-332637140 18
552095978 27
1346576454 169
582103733 54
-1195800400 146
-212376743 19
-2080533518 128
-1964967185 180
414959787 19
-1874714543 19
1535519635 19
-1943397327 203
1466836851 120
1299692905 21
-1217370258 49
-1857838749 41
1552395429 29
667662311 198
1467557705 59
-1110241822 118
-1080234067 144
-1942676473 127
-1994974940 109
-195500949 32
689232169 136
-1989560022 23
439552624 35
529805266 23
-2085948436 48
694647087 29
1392968526 19
-327222222 21
-1338351509 27
-1822416076 162
-217791661 37
467258254 175
1442244014 22
-2058242806 140
-1074819149 19
1672655826 118
810213420 209
-1970382103 78
-1310645879 77
-1715287640 97
1557810347 111
546681060 119
1329700660 34
-967690713 210
-167795319 18
-105248307 20
-1847008913 21
579801608 72
-962275795 23
-184671113 25
-1937261555 137
524390348 84
1374282084 224
-1258347412 111
-1742993270 174
387254157 19
-304931510 52
554398103 94
-1915691697 111
-965388588 167
-1017687055 165
1220270099 23
1614942441 22
1667240908 131
815628338 155
-247799416 18
1551674575 179
-1132532534 21
-2052827888 27
1472251769 90
1357406290 72
-132953937 54
1530104717 27
-2091363354 145
1644950196 38
1414538384 21
1420674156 18
-310346428 116
-382633482 20
-1077121274 21
-2113654066 47
700782859 129
-2030537176 40
-909977328 36
2071882669 17
1351991372 38
-190086031 140
-1102524779 46
587658214 108
-2047412970 26
-1137947452 121
639235827 202
639956681 211
-1086369839 106
585216526 20
-1023101973 38
-2044971282 20
-11972686 19
-1914970843 69
-1967269310 20
-1852423831 56
-140089689 129
-1819303283 18
1244281645 20
2129014763 26
754802160 120
1728067086 31
637514993 23
1519274881 105
-277225880 49
1401987714 136
-1770698900 132
-1887986067 25
-1165653082 143
1294859278 182
-2115374900 176
518975430 107
494963884 46
-1998087733 102
-388048400 17
1381417836 114
-365757688 29
-483044855 52
-1135645327 207
-1041698601 186
722352717 26
-282640798 33
-1047113519 76
839639884 36
-882271698 38
-1228920948 100
1587236811 22
1469949644 23
1476085416 23
-134674771 39
-1794710446 135
-1049415644 24
-1028516891 272
-1961854392 118
500378802 20
1362821208 22
1523968945 58
-2025122258 27
-1907835091 75
-393463318 244
1524689799 76
1407402632 32
-247218125 37
-1160238164 29
-1277525331 20
1267153648 71
-993094218 115
1495263335 122
1611829648 170
1494542481 18
-1052528437 36
-360342770 153
1581821893 171
-1971102957 46
733903407 20
-166074485 163
1327398535 20
1444685702 19
-906864535 40
-1189664628 23
-1881850295 22
1563225265 84
-2146774614 86
-271810962 20
-2018986486 22
-995396343 197
-2072676912 97
2105003217 59
611530197 28
-154523795 20
-1902420173 20
-2019707340 17
1700361456 27
665220623 213
782507790 146
1318870824 118
498076677 28
-1824718201 89
-1073098315 21
1324285742 195
-1887265213 67
557510896 21
-354927852 19
474394006 22
612251051 133
674798063 18
1386832754 18
411846994 131
-2078091830 18
-300908551 138
670635541 58
1694946538 159
2099588299 88
606115279 131
1499957399 141
-989981425 17
1617244566 143
-340493746 153
-1184249710 20
-160659567 117
-223206579 95
1554116263 92
2075576753 78
-1107268592 20
-969411547 90
-2082254352 131
1327979826 206
1348297288 116
-1993254106 26
533499350 25
1416980072 31
-193780115 244
411265703 25
-443459660 27
1691252454 23
806519336 36
-2112262107 19
-1878408627 24
-1940955639 49
-2106847189 22
1670934992 23
811934254 167
-306323469 101
1490848397 151
-1193358712 57
1559531181 35
-221814620 78
640627786 24
-330916306 20
578080774 155
525782307 57
-1013992971 84
-2087669270 131
-1798404530 191
-1918664927 134
1491569251 127
-913671412 101
-1990951981 48
697088775 129
1216576015 121
-448874578 148
1528383883 290
-187644343 18
-1964296080 19
-422218677 46
-1156544080 22
-303210676 22
-963996629 158
-1082675755 82
642929911 116
1605365001 21
528084432 25
-2051107054 19
-1935540721 28
-1963575226 28
-188365197 19
-1078842108 18
720631883 39
1527663029 126
668333416 20
-334029099 28
583495692 38
-1996366899 33
-1913250009 132
1470530935 118
702503693 25
-1019407889 37
-1027264495 234
591352298 21
-1850702997 21
390948241 18
-308625594 22
-826860438 31
-1930125803 24
756522994 97
467929359 18
-958581711 20
-2046692116 26
522669514 182
1548701345 44
-2109959982 159
2132708847 21
-1969710998 83
-2032258010 203
1353712206 184
1291165194 188
359548527 20
-1024822807 33
-1958160308 233
476835694 39
-1909555925 172
1473643728 131
-1142109974 34
588910610 21
-1271060684 21
-386327566 23
843333968 31
1522248111 102
-1161958998 143
726046801 164
1639535278 137
-1133924493 138
1590930895 19
-2026843092 33
408152910 125
-2050386200 30
2127293929 21
-250912209 184
-996788302 32
-133625042 38
751108076 25
1731761170 75
633820909 154
-274252650 20
-156965483 31
496684718 130
613971885 27
-39678316 20
-278946714 36
550704019 105
1522968965 223
1585515977 73
1468228810 32
-391742484 156
1413867279 118
1405681798 118
1247975729 25
1476414291 23
1496984169 133
1359127124 17
1379697002 434
619386803 22
1296580112 50
502099636 19
-1815609199 26
-2133503090 22
-479350771 32
-1045392685 21
-1162679852 25
-362063604 99
-1225226864 27
-2001781817 140
-1279246165 18
-245497291 276
-182229425 26
-299516592 19
-136395605 37
-73848593 103
-416803759 29
-1107939697 65
-2119068984 151
-1139339411 81
-928105518 29
-240082373 18
-1050807603 116
1556418388 148
1439131221 64
-878577614 172
1390526838 73
-933520436 98
-1245075888 21
470699922 24
-1070656627 25
559952584 52
442665417 21
-1967408873 126
-1168094770 83
-79263511 97
-216399702 17
-1904141007 51
-2021428174 99
-397157402 132
-219512495 32
-1305230961 18
1496263315 83
1613550482 40
-336799662 30
-1187943794 24
-45093234 30
-279667568 174
-1128509575 24
-1056222521 19
-1104826904 19
1696667372 34
668914707 82
1331092619 124
-162380401 115
-1767004816 108
1448379786 17
-273531796 116
-1884291983 105
491269800 29
608556967 183
1502399087 146
671103979 22
607836113 237
553816812 24
-2016013256 42
-2076370996 20
2101309133 22
1462813892 33
1322564908 147
-1883571129 77
-1821024117 31
1385111920 191
808240170 30
661197664 17
-1708822993 138
-988008175 160
580851337 120
-850871984 172
781458061 54
-76492948 121
580130483 42
644321870 17
-1189335753 176
-1103574508 120
-2081785914 82
-1966940435 221
465285004 17
-2104076626 18
1559062743 106
558560625 126
-1052199562 231
-451645141 29
-1167045041 19
1212881931 22
-98783660 20
1553647825 163
-1851374102 130
803748773 28
-1130559284 133
-1304181232 102
-446230223 147
693394691 160
-965717463 131
638906952 54
-971853235 192
-2056269556 101
-1131280138 21
1438802346 38
1353041101 130
-213629139 21
-1078981671 25
-1331886862 187
-1191637878 18
1323236013 53
-1246125617 19
-81907866 159
437579374 22
-1024493932 194
701111734 24
586266255 92
-1298766314 19
-160988442 29
-823166354 162
-303679114 151
-1818253554 32
526363598 50
-1908884820 19
-1161630123 32
1411096716 119
-1972355353 24
1307081073 19
1355433040 23
835945800 181
1528131467 37
-1081283796 209
-1273831247 19
-1221532780 66
2136402931 21
529476391 19
474065131 17
-1251540535 24
698809609 18
-71078030 18
-1989231147 63
-1787903569 18
328148813 21
-1276475602 21
776043143 112
695696816 137
1433387428 35
-1136695056 156
-2050854638 28
-1994646065 146
666612582 88
1556760618 120
-1075148024 152
-309094032 94
1609059085 97
2130988013 88
-2109491544 72
574715565 114
-1075868878 32
-960302545 29
-904093972 94
1487875167 164
1441915139 24
-423939511 29
-254606293 28
1408452361 210
1416511634 51
-369451772 33
1334786703 19
-2000060983 249
-476580208 36
-188694072 22
1361568812 24
1478855979 18
-131904208 93
-249191375 95
547009935 39
-2137197174 98
-275973484 25
-158686317 28
-1936590450 20
1635841194 87
-390021650 25
-47863797 35
-413109675 25
-2043718886 17
-248470521 29
-2028563926 149
-1911276759 69
1498705003 118
605786404 24
-418524593 70
-126489290 21
611201322 58
-999558865 384
-270558566 21
-301237426 93
1387882483 64
-1156215205 18
-243776457 17
404458826 28
-2023149008 53
-1911997613 47
-2079141559 114
493914155 18
-2112604337 99
1641256112 32
1493290085 68
-42448879 27
726515239 28
-362316020 18
-1916020572 115
-1736528623 234
1589210061 28
1471922894 156
-1042950997 169
-2131782256 24
753752431 27
-1930454678 24
1382467565 42
-1218419987 31
-243055603 67
553145707 30
-1853815790 196
435858540 117
-2047741845 112
1445938098 21
-1880597899 179
636465264 35
1466507976 155
728817364 63
1583074289 35
-194108990 185
1465787122 124
-1101132820 18
-281388402 131
-164101235 34
-2005475901 163
-1049086769 22
-219764911 24
-931799602 29
637186118 81
-224458975 204
-993423093 80
-2076839434 21
-1829804244 260
-1110710260 39
-18437333 22
1385580358 21
723402446 100
1621407088 68
1461093058 157
1504119921 26
-219044057 21
-336331224 19
-1844238350 28
1577659371 137
556258500 44
-105919412 26
-1961525517 23
-1960804663 206
-1223834905 19
-937214520 98
-1106547738 97
616616240 23
499329073 18
748337513 35
1377052647 62
-1194750671 60
-2053156763 130
-275252630 21
1259765480 226
-1946370557 123
-215349973 73
642601036 27
-449924307 19
-1963246351 24
-1105295342 89
-1882900024 107
1354761935 113
-2020036215 21
560281459 39
-1826110160 113
664170894 35
-968159151 135
1418232468 38
697417650 155
-1049757874 26
-986287341 146
527034703 21
-2084227602 27
463564170 32
1497313044 75
-1849653268 52
1435108262 99
505464845 43
-14743249 17
-934912395 129
-312788116 25
-334357974 39
-78213782 146
-1986789459 183
441273458 66
-2059963640 115
-1968661269 136
1275681359 23
-1249819701 118
-216070827 17
-100504494 23
-328943056 27
-1939703243 140
-1083004630 153
-854566068 28
-2140309967 69
785152145 171
521619785 22
-1055893646 127
468979088 176
1555368659 99
-1099880424 42
1556089513 124
1321515179 20
1440523180 94
-157294358 138
-1128838450 83
583824567 141
-2100382542 29
-907206765 147
554866541 52
-2054548722 74
-1335580946 21
1502727962 33
-1855068186 42
692002732 22
331842897 19
-186391947 109
161840959 10
-1965548476 23
-1791597653 18
670306666 121
-940453521 96
-1773469463 159
-900399888 30
1349347017 143
-1134974222 19
-1134253368 18
1549953741 127
-1974076187 209
-1910605654 29
1668961742 81
-1871943980 20
1412817550 95
-420245427 35
-1905190736 18
1531825551 18
-2025451133 83
664891748 194
1357874728 20
-2049133804 184
578409649 29
648015954 18
-2105797460 64
-1877358898 38
1316100261 143
-72798864 166
1303386989 19
-307373198 21
-1992204377 32
-1992925231 18
-51557881 31
533170475 133
470371047 31
2068188585 18
1663546824 39
-306652344 30
779737227 66
-1021381139 75
-1077589712 126
-252164605 135
-1163350957 43
-191806865 91
1617713004 196
1500425837 22
-247470541 21
-130183374 28
607507238 22
-414830509 23
-1908303529 191
-885965782 175
-1998340149 88
1520995715 32
583964130 21
-226900663 25
-46142963 89
-1163932248 27
1637562028 106
1584466248 19
-1046645081 28
-2135476340 58
-109613496 43
-246749687 26
-1857509874 139
-364036854 24
-1740222707 116
-272279400 138
1469481206 46
1586768373 104
2108697301 22
-1214725903 21
1470202060 121
1526410633 86
615224281 34
1409123466 113
1495010919 64
633492034 244
-221485745 26
1389274442 22
-104198578 39
1464787142 244
609809363 142
-358621936 19
-241334769 21
2103282383 27
-997117177 255
1271987275 25
-1114404344 28
1263459564 162
612922156 19
1444217264 30
1326930097 119
1380746731 198
-1102853654 142
432164456 129
730209323 118
-1220140821 180
1581353455 22
1464066288 127
472673172 22
-1957831433 18
-1198444755 39
-1020799848 155
1360176853 46
417730350 19
-1193029837 94
-1934148762 25
1449632182 20
1698640622 151
549451623 137
-2051435929 21
-1822997367 25
750058347 67
384483594 25
-277694318 122
501770761 27
-2140891258 104
-137445334 27
-1108989426 117
-991702259 68
-220764891 197
1473314853 21
-935493686 22
-455339225 28
-338052058 198
-2075321267 19
525313869 119
1319794345 168
-1970179436 65
-185594634 21
578878087 256
1356482769 183
-1070327752 22
-132030416 21
1272910796 83
-1107016176 25
608885842 112
-2144004051 149
-2053751409 31
-1259270933 114
-359419249 99
-1901496652 52
-1085446318 151
-1742069749 205
1699437935 30
-1825641722 226
-1795633967 94
-1306154482 22
-857336631 131
-1879205940 32
-1847932434 17
731132844 56
1373358563 117
-963199316 19
783431311 32
814704817 131
-418398385 28
-337128537 203
556587375 160
-1212878861 24
-274581525 24
-163303922 110
1471328248 178
1351067851 33
1447456265 22
1531028238 35
1325209263 191
584293005 18
-1200291797 79
-1853347352 30
-11049165 19
1503322608 163
-1884620858 154
-191009552 100
-1936919325 19
-354004331 23
1419750635 32
-2048336491 36
-1137023931 118
1727143565 27
-1053451958 32
636591472 25
-157889004 23
-1109318301 75
-1079310546 99
-104324786 54
1292088715 244
-1042622122 84
-1820226804 17
-1218293779 106
-2116298421 179
-213300264 27
1465913330 149
-1929202282 18
-885042261 182
1245205166 23
809289899 108
-2047615637 19
-1890035776 53
-196424470 36
2072806190 20
1497907690 146
1466634184 134
-217994328 37
-279996443 89
-1912326488 105
-1134721806 105
1553318950 45
-1025746328 29
-141013210 135
562723147 31
1558733868 152
614300760 39
-1131609013 21
-1339275030 27
-135598292 23
1297503633 101
-364834167 30
-1073895628 103
1475161895 19
-2059166327 129
1406479111 32
1642305841 71
-1858762270 188
-1048037040 25
1552598096 141
-1278448852 27
-1823339597 133
-1875638064 23
415883308 21
-1226150385 33
468181775 94
1345652933 155
530728787 19
-1194876879 145
-1969458582 37
-1906911570 90
-1714364119 138
1217499536 27
-1792521174 27
-76619156 18
-1081612671 22
1564148786 113
-1914768176 89
1582745414 28
1492492772 139
-2019910007 19
469902609 22
-996319864 65
664297102 109
-250443771 75
-1934617200 30
-1964624955 57
1328322056 20
-218715182 85
644448078 200
-1188741107 48
1441901784 163
-304007989 93
390024720 21
1495466002 25
-966312109 113
1392045005 26
675721584 22
-2020630861 19
-1020331410 388
-909053807 125
475317527 18
-309422907 17
1413614863 20
-1914047322 38
-155447316 183
590428777 25
1614018920 72
-1076197753 22
639033160 141
1434184741 28
701706380 54
-990904946 22
-2014495089 20
-2045894803 22
-224130100 118
362319090 19
1385909233 22
1500880920 55
-245028853 21
1300616426 18
-277023213 19
638312306 27
439894854 184
669712020 99
2100511820 106
-1994051419 80
-248141646 149
690155690 131
1585047539 31
-1771622421 21
-1945447036 95
581180212 29
-2026045779 77
1694023017 17
2129938284 19
-387124879 19
1520198402 216
1380494315 84
495887405 153
-1273705039 20
442196979 212
-335407703 20
-483968376 122
551172457 103
-1164729561 68
-1997164212 29
519898951 170
-2083177873 62
1519477548 134
695570608 81
1670011471 33
-1159314643 22
586595130 107
501302323 23
-1994772273 25
1524892466 122
2105926738 18
-1940032118 79
-1988636501 69
1588160332 21
1439599659 24
436782061 28
1525613320 99
-2088592791 29
-392539797 134
-1014916492 44
1330624181 221
-329992785 22
1361897687 18
-1051731124 178
-1307875316 126
-188567864 18
1610906127 109
-1073300982 117
-423142198 57
-339570225 35
-1799328051 106
1445014577 20
-1135303097 20
559029063 22
-2052030575 19
-217323223 19
-165024756 32
1358203603 20
-1028188016 205
-2073600433 20
-1880926774 68
1528586550 99
-1155620559 18
-1127586054 18
610606676 25
582572171 116
-270887441 18
-1990028460 89
838716363 47
1467305289 29
-1995443378 31
1616321045 109
-189288718 22
1505043442 24
-1851626518 21
-1302460398 17
-1997745503 20
1323488429 136
-1966485352 102
-251835730 215
-1886341692 72
757446515 129
611327530 205
2133632368 23
605191758 248
-2079015351 21
778687498 80
-1887062546 37
1352788685 152
-1821947638 116
-276302359 177
-159609838 60
1469607414 132
-104995891 21
-333105578 21
-385404045 29
-2033181531 106
1695743851 28
523593035 144
-959505232 22
1549624866 32
1416056551 20
-1133000972 99
1638611757 28
1472720207 29
-194703636 103
-1049428999 165
-970335068 72
1499628524 98
1293809549 179
-1908632404 168
-1280169686 46
1555039784 72
805595815 299
-1816532720 18
409076431 227
2096817736 101
-132701521 103
412189224 17
-2114577587 155
-305399948 110
1404758277 120
1248899250 21
-1138415890 71
1644026675 31
723276238 104
-1081752234 230
632897388 178
-964920150 88
-281717277 32
-1960930871 22
-154194920 85
-881348177 29
529007953 24
1477337812 18
-2051309721 21
-298593071 21
577157253 92
1491771918 207
-2119992505 126
-1192435191 149
639704265 19
1494213606 141
553474582 30
-1046316206 18
-361140083 65
-994017739 164
2076500274 44
-2107770710 28
-215021098 106
811010733 113
-137319126 39
717861320 28
2102232654 96
-396233881 83
-1966345789 20
-220436016 164
471623443 18
698012296 88
-1917741406 160
-1016637326 51
-912747891 96
-241005894 16
-1078639441 22
-284158965 43
-1167171249 62
-932596915 149
1389603317 253
1497186836 36
1560454702 196
-1187020273 24
-1222456301 85
642006390 225
1606288522 21
-302287155 23
443588938 21
-78339990 75
-1851045227 182
667991186 102
-1077918587 209
1288394631 163
-44169713 30
-1932896366 18
-1103903383 21
1488798688 206
1580303726 38
468852880 18
672027500 24
703427214 19
-83754908 17
1332016140 19
1438207700 151
1384188399 58
1438928554 157
-307702073 45
-2016936777 83
-1767928337 199
-278744047 62
-1245999409 19
-1022052244 36
492193321 36
-2110883503 69
497608239 141
-2027766613 35
358625006 18
-1141186453 30
-1161756331 18
-1992330585 87
587987089 24
-222738141 112
-1271984205 25
-273329129 20
-1943726202 28
2128217450 22
440476145 29
1591854416 21
-333686869 18
1412943758 107
1730837649 99
-1057146042 19
752031597 22
526705828 167
-2022351695 199
1441320493 86
1586439498 79
1378773481 198
-417727280 17
503023157 22
1523892486 128
-480274292 134
1213805452 19
-72925072 75
-2084898707 122
-390818963 59
-183152946 24
-1161035477 75
-927181997 22
-2000858296 18
842410447 26
-168718840 141
1523171632 233
-1938311284 83
-246420812 226
1364339375 19
-1882647608 128
754675952 24
1612626961 34
2137326452 17
-1929531157 109
-1971431832 28
-103275057 22
-961226066 31
-1819177075 32
1465584455 225
-1299689835 19
590757652 24
474988652 17
-1050010290 21
-2051778159 31
-1113480823 19
1443293743 31
-1988307626 67
-1071580148 18
-272608275 21
1529054988 19
-419448114 56
-125565769 21
496558510 22
433087977 116
-1135771535 36
-1219343508 71
749261034 27
-903170451 105
776966664 183
665689061 203
1460169537 126
-1976846750 216
-108689975 95
-1883368462 105
327225292 23
1379823210 186
-17513812 19
1413285988 23
555334979 18
1634917673 127
-424863032 27
-1193827150 23
-1907961299 25
1448708661 24
1407528840 123
-255529814 33
460793607 29
-1277399123 17
-161330672 187
-1993722544 102
-1108065905 65
502694282 25
2131911534 19
-2079483789 168
-130980687 103
-477503729 17
-278023193 77
1501349358 28
643398349 18
-214552660 21
-988931696 97
-185923509 22
583040609 27
1559986264 205
-1880255669 18
782381582 158
-452568662 23
-1196129275 21
696620337 34
807316649 36
-1305104753 91
-1966016914 108
-45219442 24
637983431 39
1495934440 17
1324159534 54
-1911074092 144
466208525 18
-2134426611 24
-966640984 43
557637104 131
-1053123083 102
804672294 47
-300313905 86
549780498 114
-1130356617 21
-1802098614 149
-191338427 31
1470999373 156
1385238128 41
405382347 27
-1078058150 33
-447153744 29
1640332591 27
-2057193077 131
-1043874518 121
-361392499 22
1554571346 62
1531357113 146
552222186 31
-1100209299 18
-302755593 79
1410173195 185
-2048665366 29
-2129011693 17
-1190714357 22
635541743 26
-2110415065 21
-394513047 19
-2018657611 73
1583997810 28
615692719 19
1668038221 76
-70154509 25
636262597 191
729740885 68
-825936917 174
-225382496 132
-994346614 135
-1158985768 21
-1274754768 24
530399912 21
-2026374654 25
-1080360275 97
-161911963 20
699733130 22
-1941081847 139
-219967578 18
2146345640 120
-280464881 127
1525942195 139
-1164400686 112
-1830727765 165
1384656837 20
1260689001 222
-308170511 141
1241511082 17
446359501 23
-1960601996 20
640285556 20
355854443 23
-1074945357 22
1662623303 91
724325967 163
-1074224503 64
1415588113 30
-50634360 31
-2054080284 18
-936290999 136
1609982606 159
1620483567 85
1578582892 37
-1105624217 80
-2020959736 19
-414033196 35
-849948463 133
-1169815604 24
-333434453 30
-2108112940 50
1335710224 33
-275049963 37
-1188412232 179
-75569427 70
579927816 93
-1224758426 20
-305057718 129
-1999137462 180
-1106345071 22
-389098129 20
-2029487447 129
-249394042 28
-2105000147 31
1421003031 21
-250114896 138
604862883 23
-1935666929 20
-1243355054 28
1360645291 16
-955811148 24
579206962 44
-2044642407 32
1436157991 139
-2004552380 87
1441572909 68
-1938779722 121
1276604880 17
-2113527858 157
610277801 77
-80984345 142
-2080065080 25
-930876081 20
1523640070 289
1352117580 87
-244699978 19
-1248769972 261
1435437137 209
-1854739311 82
694318212 97
585342734 27
-1085775193 98
-1025417453 191
-1000482386 88
-2024072529 60
-269635045 28
-243979124 93
1291038986 133
-1915097051 80
-1332810383 18
-1879674378 76
-1973152666 151
1527334154 111
1463863621 119
-1909682133 56
669383145 173
-340822621 136
-941377042 32
-1021723369 160
-899476367 18
-1134050701 18
-1992001710 17
-187315468 152
-1933225241 18
-101554223 118
-421168948 20
750981868 104
-1197521234 70
-962946900 227
499000198 20
-1133329847 21
-357698415 20
1550877262 39
647092433 22
-1192106316 174
1356951207 19
1532749072 22
-1904267215 101
1359253332 89
-1221064342 76
-2077762955 90
-106969141 20
-1711593556 126
1463142767 148
418653871 23
1697717101 25
-2050057325 145
692926253 28
-1045266477 97
-1991280856 61
-253088126 171
330919376 22
-192730386 117
663968227 69
-1139465619 103
2069112106 118
471294568 18
546086414 31
-2138120695 144
-112384059 159
-1127914929 23
780660748 92
-1985865938 21
-450847828 23
-368528251 30
-1050681395 31
1556292180 86
-1881976503 188
1516504318 146
-1024025494 25
586734693 43
464487691 31
559357938 143
1317023782 247
-1047568602 22
698341171 194
-2060887161 170
-216273494 22
1295782799 21
1585389769 25
-1827033681 21
1474693457 84
-987210862 18
-1887391421 159
-216994348 18
786075666 129
-1973873520 145
1724373002 39
-363113333 80
1469278539 81
-1967737748 108
-1739299186 196
-210858576 66
1557013034 132
553943020 77
-969082672 144
-2132705777 21
-906283244 114
-2141233488 71
1703132019 147
727438760 18
-1056817167 241
641677515 28
-189617593 29
-2055472243 125
-129259853 23
-1215649424 31
1468557685 40
1322438700 38
-934570165 23
-242258290 19
-998040698 102
-1160706602 34
1388350921 22
-1872867501 27
-305728823 34
-1252464056 21
-822242833 118
1327853618 31
1348423496 137
1666317387 79
-1936338034 151
1411894029 197
-389769234 36
-1082081109 96
1264383085 133
-1018610576 19
-1101930133 20
2104205904 18
-1336504467 20
-326298701 25
1582276976 41
1432463907 32
-2106720981 134
-1878282419 36
-71875343 21
-306449677 147
812060462 150
-1788827090 206
1304310510 22
383560073 20
-2023401424 19
548528102 148
-992625780 138
577486128 23
-1076666191 109
661526539 34
1472391332 23
1417308947 22
-221688412 132
-222409266 29
632568513 64
-2022680570 17
534093996 24
-1962322830 73
-248394062 21
-1707899472 111
-1163008727 26
-311864595 17
-1846882705 157
582901046 212
-1942473806 74
-77290261 104
-276770797 31
-331713619 18
-13819728 23
1437878825 171
-2081457039 138
527958224 17
-1166121520 35
1521919236 29
-247673208 72
1616789483 67
-1858433395 147
-1997416628 48
583621900 115
-1941752952 103
438502895 25
-2017265652 23
611998635 24
666941457 28
-1102650987 83
-853642547 79
1587691894 130
1498236565 111
-1247049138 23
-415754030 20
-2025793363 100
-937682958 133
522543306 107
-2101306063 26
-1852297623 20
673077229 87
1671732305 260
-2086871957 79
-158217879 33
-97860139 24
1353838414 83
