1 0.16666666666666666
2 0.0
3 0.0
4 0.0
5 0.0
6 0.0
7 0.0
8 0.16666666666666666
9 0.0
10 0.6666666666666666
11 0.6666666666666666
12 0.0
13 0.0
14 0.3333333333333333
15 0.16666666666666666
16 0.16666666666666666
17 0.0
18 0.16666666666666666
19 0.5
20 0.0
21 0.0
22 0.0
23 0.0
24 0.0
25 0.3333333333333333
26 0.0
27 0.16666666666666666
28 0.3333333333333333
29 0.6666666666666666
30 0.16666666666666666
31 0.0
32 0.16666666666666666
33 0.0
36 0.0
37 0.16666666666666666
38 0.16666666666666666
39 0.5
40 0.5
42 0.0
43 0.3333333333333333
44 0.0
45 0.5
48 0.5
49 0.0
57 0.0
58 0.0
59 0.0
60 0.0
61 0.5
62 0.0
63 0.5
64 0.0
