1 0.16666666666666666
2 0.5
3 0.0
4 0.16666666666666666
5 0.16666666666666666
6 0.16666666666666666
7 0.6666666666666666
8 0.3333333333333333
9 0.16666666666666666
10 0.6666666666666666
11 0.5
12 0.3333333333333333
13 0.5
14 0.3333333333333333
15 0.0
16 0.16666666666666666
17 0.3333333333333333
18 0.0
19 0.8333333333333334
20 0.5
21 0.16666666666666666
22 0.5
23 0.5
24 0.16666666666666666
25 0.8333333333333334
26 0.3333333333333333
27 0.5
28 0.5
29 0.3333333333333333
30 0.16666666666666666
31 0.16666666666666666
32 0.16666666666666666
33 0.0
36 0.3333333333333333
37 0.3333333333333333
38 0.16666666666666666
40 0.3333333333333333
42 0.0
43 0.16666666666666666
44 0.3333333333333333
45 0.6666666666666666
48 0.16666666666666666
49 0.3333333333333333
57 0.16666666666666666
58 0.3333333333333333
59 0.3333333333333333
60 0.16666666666666666
61 0.6666666666666666
62 0.0
63 0.6666666666666666
64 0.16666666666666666
