1 0.0
2 0.16666666666666666
3 0.0
4 0.16666666666666666
5 0.16666666666666666
6 0.0
7 0.16666666666666666
8 0.16666666666666666
9 0.16666666666666666
10 0.0
11 0.5
12 0.3333333333333333
13 0.3333333333333333
14 0.3333333333333333
15 0.16666666666666666
16 0.16666666666666666
17 0.16666666666666666
18 0.0
19 0.3333333333333333
20 0.0
21 0.16666666666666666
22 0.5
23 0.5
24 0.16666666666666666
25 0.5
26 0.0
27 0.3333333333333333
28 0.5
29 0.5
30 0.16666666666666666
31 0.16666666666666666
32 0.16666666666666666
33 0.0
36 0.5
37 0.5
38 0.5
39 0.16666666666666666
40 0.16666666666666666
42 0.3333333333333333
43 0.16666666666666666
44 0.16666666666666666
45 0.16666666666666666
48 0.5
49 0.0
57 0.16666666666666666
58 0.5
59 0.3333333333333333
60 0.5
61 0.3333333333333333
62 0.0
63 0.3333333333333333
64 0.0
