1 0.16666666666666666
2 0.16666666666666666
3 0.16666666666666666
4 0.3333333333333333
5 0.3333333333333333
6 0.16666666666666666
7 0.6666666666666666
8 0.3333333333333333
9 0.5
10 0.6666666666666666
11 0.5
12 0.3333333333333333
13 0.6666666666666666
14 0.6666666666666666
15 0.3333333333333333
16 0.16666666666666666
17 0.3333333333333333
18 0.3333333333333333
19 0.6666666666666666
20 0.3333333333333333
21 0.0
22 0.8333333333333334
23 0.3333333333333333
24 0.16666666666666666
25 0.5
26 0.16666666666666666
27 0.5
28 0.5
29 0.6666666666666666
30 0.16666666666666666
31 0.16666666666666666
32 0.16666666666666666
33 0.16666666666666666
36 0.5
37 0.5
38 0.6666666666666666
39 0.3333333333333333
40 0.3333333333333333
42 0.5
43 0.16666666666666666
44 0.3333333333333333
45 0.6666666666666666
48 0.3333333333333333
49 0.0
57 0.16666666666666666
58 0.6666666666666666
59 0.5
60 0.8333333333333334
61 0.6666666666666666
62 0.16666666666666666
63 0.6666666666666666
64 0.0
