1 0.16666666666666666
2 0.5
3 0.0
4 0.3333333333333333
5 0.3333333333333333
6 0.16666666666666666
7 0.6666666666666666
8 0.16666666666666666
9 0.3333333333333333
10 0.5
11 0.3333333333333333
12 0.3333333333333333
13 0.3333333333333333
14 0.0
15 0.3333333333333333
16 0.0
17 0.3333333333333333
18 0.16666666666666666
19 0.6666666666666666
20 0.5
21 0.16666666666666666
22 0.5
23 0.5
24 0.16666666666666666
25 0.3333333333333333
26 0.3333333333333333
27 0.3333333333333333
28 0.6666666666666666
29 0.5
30 0.16666666666666666
31 0.16666666666666666
32 0.3333333333333333
33 0.0
36 0.3333333333333333
37 0.16666666666666666
38 0.5
39 0.3333333333333333
40 0.5
42 0.0
43 0.16666666666666666
44 0.3333333333333333
45 0.5
48 0.16666666666666666
49 0.16666666666666666
57 0.16666666666666666
58 0.5
59 0.3333333333333333
60 0.16666666666666666
61 0.6666666666666666
62 0.0
63 0.6666666666666666
64 0.16666666666666666
