1 0.047619047619047616
2 0.0
3 0.0
4 0.047619047619047616
5 0.047619047619047616
6 0.047619047619047616
7 0.0
8 0.047619047619047616
9 0.0
10 0.5238095238095238
11 0.3333333333333333
12 0.047619047619047616
13 0.14285714285714285
14 0.23809523809523808
15 0.047619047619047616
16 0.09523809523809523
17 0.047619047619047616
18 0.23809523809523808
19 0.2857142857142857
20 0.0
21 0.0
22 0.0
23 0.0
24 0.0
25 0.38095238095238093
26 0.09523809523809523
27 0.047619047619047616
28 0.09523809523809523
29 0.5238095238095238
30 0.047619047619047616
31 0.0
32 0.047619047619047616
33 0.0
36 0.0
37 0.19047619047619047
38 0.2857142857142857
39 0.19047619047619047
40 0.19047619047619047
42 0.0
43 0.23809523809523808
44 0.0
45 0.23809523809523808
48 0.19047619047619047
49 0.047619047619047616
57 0.047619047619047616
58 0.0
59 0.09523809523809523
60 0.0
61 0.2857142857142857
62 0.0
63 0.2857142857142857
64 0.0
