1 0.09523809523809523
2 0.14285714285714285
3 0.0
4 0.09523809523809523
5 0.14285714285714285
6 0.09523809523809523
7 0.38095238095238093
8 0.09523809523809523
9 0.19047619047619047
10 0.5238095238095238
11 0.2857142857142857
12 0.19047619047619047
13 0.19047619047619047
14 0.19047619047619047
15 0.14285714285714285
16 0.14285714285714285
17 0.19047619047619047
18 0.14285714285714285
19 0.23809523809523808
20 0.14285714285714285
21 0.14285714285714285
22 0.42857142857142855
23 0.14285714285714285
24 0.047619047619047616
25 0.3333333333333333
26 0.2857142857142857
27 0.3333333333333333
28 0.19047619047619047
29 0.47619047619047616
30 0.047619047619047616
31 0.09523809523809523
32 0.09523809523809523
33 0.047619047619047616
36 0.38095238095238093
37 0.14285714285714285
38 0.047619047619047616
39 0.19047619047619047
40 0.19047619047619047
42 0.14285714285714285
43 0.2857142857142857
44 0.14285714285714285
45 0.2857142857142857
48 0.047619047619047616
49 0.09523809523809523
57 0.047619047619047616
58 0.2857142857142857
59 0.38095238095238093
60 0.14285714285714285
61 0.47619047619047616
62 0.0
63 0.3333333333333333
64 0.047619047619047616
