1 0.0
2 0.09523809523809523
3 0.0
4 0.09523809523809523
5 0.09523809523809523
6 0.09523809523809523
7 0.2857142857142857
8 0.047619047619047616
9 0.19047619047619047
10 0.3333333333333333
11 0.2857142857142857
12 0.09523809523809523
13 0.19047619047619047
14 0.23809523809523808
15 0.14285714285714285
16 0.09523809523809523
17 0.14285714285714285
18 0.09523809523809523
19 0.19047619047619047
20 0.0
21 0.047619047619047616
22 0.2857142857142857
23 0.19047619047619047
24 0.047619047619047616
25 0.2857142857142857
26 0.09523809523809523
27 0.42857142857142855
28 0.19047619047619047
29 0.2857142857142857
30 0.047619047619047616
31 0.09523809523809523
32 0.047619047619047616
33 0.047619047619047616
36 0.23809523809523808
37 0.19047619047619047
38 0.23809523809523808
39 0.23809523809523808
40 0.14285714285714285
42 0.14285714285714285
43 0.09523809523809523
44 0.09523809523809523
45 0.2857142857142857
48 0.14285714285714285
49 0.0
57 0.047619047619047616
58 0.23809523809523808
59 0.2857142857142857
60 0.23809523809523808
61 0.38095238095238093
62 0.047619047619047616
63 0.23809523809523808
64 0.047619047619047616
