1 0.19047619047619047
2 0.047619047619047616
3 0.14285714285714285
4 0.19047619047619047
5 0.19047619047619047
6 0.14285714285714285
7 0.42857142857142855
8 0.09523809523809523
9 0.23809523809523808
10 0.5714285714285714
11 0.38095238095238093
12 0.19047619047619047
13 0.3333333333333333
14 0.2857142857142857
15 0.09523809523809523
16 0.23809523809523808
17 0.2857142857142857
18 0.2857142857142857
19 0.2857142857142857
20 0.09523809523809523
21 0.14285714285714285
22 0.3333333333333333
23 0.14285714285714285
24 0.09523809523809523
25 0.5714285714285714
26 0.23809523809523808
27 0.42857142857142855
28 0.19047619047619047
29 0.5238095238095238
30 0.14285714285714285
31 0.047619047619047616
32 0.047619047619047616
33 0.047619047619047616
36 0.5238095238095238
37 0.19047619047619047
38 0.42857142857142855
39 0.2857142857142857
40 0.23809523809523808
42 0.2857142857142857
43 0.23809523809523808
44 0.14285714285714285
45 0.3333333333333333
48 0.2857142857142857
49 0.19047619047619047
57 0.047619047619047616
58 0.47619047619047616
59 0.3333333333333333
60 0.23809523809523808
61 0.5238095238095238
62 0.19047619047619047
63 0.42857142857142855
64 0.0
