1 0.14285714285714285
2 0.047619047619047616
3 0.047619047619047616
4 0.23809523809523808
5 0.19047619047619047
6 0.14285714285714285
7 0.6190476190476191
8 0.09523809523809523
9 0.38095238095238093
10 0.6190476190476191
11 0.38095238095238093
12 0.09523809523809523
13 0.3333333333333333
14 0.38095238095238093
15 0.09523809523809523
16 0.23809523809523808
17 0.2857142857142857
18 0.23809523809523808
19 0.2857142857142857
20 0.09523809523809523
21 0.19047619047619047
22 0.38095238095238093
23 0.14285714285714285
24 0.09523809523809523
25 0.5238095238095238
26 0.19047619047619047
27 0.5238095238095238
28 0.19047619047619047
29 0.5238095238095238
30 0.19047619047619047
31 0.047619047619047616
32 0.047619047619047616
33 0.047619047619047616
36 0.47619047619047616
37 0.19047619047619047
38 0.47619047619047616
39 0.2857142857142857
40 0.14285714285714285
42 0.3333333333333333
43 0.3333333333333333
44 0.14285714285714285
45 0.23809523809523808
48 0.42857142857142855
49 0.14285714285714285
57 0.047619047619047616
58 0.42857142857142855
59 0.7142857142857143
60 0.6190476190476191
61 0.5238095238095238
62 0.19047619047619047
63 0.42857142857142855
64 0.0
