1 0.14285714285714285
2 0.14285714285714285
3 0.0
4 0.09523809523809523
5 0.09523809523809523
6 0.09523809523809523
7 0.38095238095238093
8 0.09523809523809523
9 0.19047619047619047
10 0.5238095238095238
11 0.38095238095238093
12 0.09523809523809523
13 0.23809523809523808
14 0.14285714285714285
15 0.14285714285714285
16 0.19047619047619047
17 0.23809523809523808
18 0.09523809523809523
19 0.2857142857142857
20 0.14285714285714285
21 0.14285714285714285
22 0.6190476190476191
23 0.14285714285714285
24 0.047619047619047616
25 0.38095238095238093
26 0.23809523809523808
27 0.38095238095238093
28 0.19047619047619047
29 0.3333333333333333
30 0.09523809523809523
31 0.047619047619047616
32 0.09523809523809523
33 0.047619047619047616
36 0.47619047619047616
37 0.23809523809523808
38 0.3333333333333333
39 0.23809523809523808
40 0.23809523809523808
42 0.09523809523809523
43 0.2857142857142857
44 0.14285714285714285
45 0.2857142857142857
48 0.047619047619047616
49 0.14285714285714285
57 0.047619047619047616
58 0.3333333333333333
59 0.3333333333333333
60 0.23809523809523808
61 0.5238095238095238
62 0.047619047619047616
63 0.38095238095238093
64 0.047619047619047616
